730547560
-226810937
607950954
640895092
884005970
-649503488
-353856437
576018669
-477225174
115899598
-48539461
276748204
-290373133
28778236
971155940
893772103
291438717
466641603
-769652651
229713913
-1038736612
-552146455
-779039256
653214606
-737276041
-212720293
-795018961
-840076700
1071432244
-605038688
27772106
728237979
241892199
-438018765
295391246
52156344
-13780430
1015276633
-445566812
582736219
57434406
579635550
-214257402
840803096
-465328039
-316843286
660833375
899852501
-923943508
964922547
55824590
-888938297
-660965732
350527157
838018133
-324499950
-935934961
-1030742653
-90834827
-938244542
-562039518
1010679102
863735261
753594504
-501081487
85384682
-267990977
558879906
26919490
360184034
67874301
-989387928
-133922241
927358722
925156991
474491544
-463226389
512248541
300602220
-313428073
403429264
-717315015
-128624547
816205355
706953965
-364348239
-582036420
844760828
-321349069
400870576
980258109
190353237
337807853
770251545
-129794084
910468189
-218105597
675956763
395606271
882555716
-37601028
-610261253
966909611
902218555
-756644356
818324778
302968274
-146128921
256831494
-470171331
614184829
-413481067
-113744522
-588181543
-671017537
-480532382
121212042
-179312134
-709513379
873604796
-852183383
-802997094
-9783792
559366294
1040996274
934163948
396092658
-250851148
536378886
-282042896
-442037256
-574963967
181437674
-548869470
-746487237
498535142
-804286517
630222860
-721335604
526286801
-913690295
966591048
-960936091
46307006
-695332320
-558211804
639516447
499621545
336217885
1003744892
299484517
557776326
-872994027
-784041100
43400795
-905739578
-923618977
-634248372
-82848902
686501732
157450556
548855665
-962204059
-734853595
1073728018
-634949473
837423370
-804300323
1069015211
-957654059
795728301
-918416909
-1064804836
908534033
201631920
-686395332
-723419596
-232593458
886968036
686540113
-302590391
112710728
170574614
-101842595
402411452
-859766416
66159651
552534298
-420272965
1057052572
165294206
810919414
532166412
276831970
-997676005
532152605
715624320
913489188
801594105
710897706
1029576953
523580581
866222620
1038513940
358372790
-5887285
-721623217
708695017
835261081
-908397005
321493305
-541071135
278055546
-581673906
430828094
-393274827
-367698499
-576754080
-914482353
285770360
-593443333
324553676
22947949
1012464902
-472356179
99013767
470875682
-830473684
-61238869
198727963
954165846
-105403741
-351433281
746646641
-140631626
-1066802316
-332982468
211486981
715634525
-571463212
376831799
-36613995
-38792524
-418854480
455453923
-681706255
261612517
-985986401
-184718512
420871987
373525782
295579978
-328316162
-677268093
234303055
273069482
